1.013000000000000000e+04 3.788980947781284137e-02
1.013010010010010046e+04 4.732926050193335676e-01
1.013020020020020092e+04 2.470435916663312748e-01
1.013030030030029957e+04 8.255855006728466394e-01
1.013040040040040003e+04 5.236514746499283390e-01
1.013050050050050049e+04 4.346927456040253768e-01
1.013060060060060096e+04 4.912056949829438635e-01
1.013070070070070142e+04 8.364802244846417656e-01
1.013080080080080006e+04 1.782158217059155447e-01
1.013090090090090052e+04 4.225517900563763307e-01
1.013100100100100099e+04 1.501384203023191644e-01
1.013110110110110145e+04 4.734739803764863586e-01
1.013120120120120191e+04 4.684931145319626289e-02
1.013130130130130055e+04 6.055722627154064286e-01
1.013140140140140102e+04 5.112032533935776391e-01
1.013150150150150148e+04 4.389441713957726865e-01
1.013160160160160194e+04 6.134046936430069819e-01
1.013170170170170240e+04 6.048625324898413425e-01
1.013180180180180105e+04 4.947299095477439845e-01
1.013190190190190151e+04 3.695945433022180815e-01
1.013200200200200197e+04 3.702645522125194155e-01
1.013210210210210244e+04 2.470272738091986442e-01
1.013220220220220290e+04 5.015760522419796530e-01
1.013230230230230154e+04 9.705853315349459720e-01
1.013240240240240200e+04 9.626609960673353505e-01
1.013250250250250247e+04 1.527436615157653499e-01
1.013260260260260293e+04 4.318795422631438452e-01
1.013270270270270339e+04 4.778594877001739460e-01
1.013280280280280203e+04 5.077556660748183681e-02
1.013290290290290250e+04 4.783057824381798939e-01
1.013300300300300296e+04 6.278764886674849111e-01
1.013310310310310342e+04 6.753340623468692128e-01
1.013320320320320388e+04 4.548966658252642237e-01
1.013330330330330253e+04 1.527943099746975619e-02
1.013340340340340299e+04 3.528087484193487278e-01
1.013350350350350345e+04 9.437376952614640047e-01
1.013360360360360391e+04 9.435695043778203894e-01
1.013370370370370438e+04 2.764577848701339491e-01
1.013380380380380302e+04 5.559367257697036546e-01
1.013390390390390348e+04 2.791265266075073637e-01
1.013400400400400395e+04 4.615511072143558824e-01
1.013410410410410441e+04 2.944769515197273035e-01
1.013420420420420487e+04 3.116672744656363570e-01
1.013430430430430351e+04 3.246794769394101277e-02
1.013440440440440398e+04 2.033601869396582940e-01
1.013450450450450444e+04 9.374080696292852455e-02
1.013460460460460490e+04 1.667539840395467765e-01
1.013470470470470536e+04 4.120665602802839889e-01
1.013480480480480401e+04 6.658120778142611051e-01
1.013490490490490447e+04 5.964882269471276643e-01
1.013500500500500493e+04 4.700622154300371225e-02
1.013510510510510539e+04 4.546917478928150791e-01
1.013520520520520586e+04 9.571971596019834827e-02
1.013530530530530450e+04 2.479487659791870247e-01
1.013540540540540496e+04 8.953544655333371960e-01
1.013550550550550543e+04 7.396848225799941279e-01
1.013560560560560589e+04 4.315727043296346821e-01
1.013570570570570635e+04 8.021041923786620398e-01
1.013580580580580499e+04 1.289406914458085529e-01
1.013590590590590546e+04 6.666134832685590705e-01
1.013600600600600592e+04 7.398850456110794838e-01
1.013610610610610638e+04 7.917147839050665548e-01
1.013620620620620684e+04 2.952268089998056899e-01
1.013630630630630549e+04 1.091012290872331869e-01
1.013640640640640595e+04 4.566558722533431425e-02
1.013650650650650641e+04 7.756143398020164392e-01
1.013660660660660687e+04 5.633058496835097184e-01
1.013670670670670734e+04 7.754000365989652810e-01
1.013680680680680598e+04 7.205693722629147313e-01
1.013690690690690644e+04 7.214911215607432426e-01
1.013700700700700691e+04 9.492367856304516627e-01
1.013710710710710737e+04 6.975784780543580199e-01
1.013720720720720783e+04 3.198787740388925327e-01
1.013730730730730647e+04 5.979100367451880560e-01
1.013740740740740694e+04 4.295648767832659365e-01
1.013750750750750740e+04 3.691045995314546913e-01
1.013760760760760786e+04 4.827927080375407076e-01
1.013770770770770832e+04 3.833135125577599167e-01
1.013780780780780697e+04 9.030260663669613663e-01
1.013790790790790743e+04 8.309342658258921377e-01
1.013800800800800789e+04 4.718337772204270752e-01
1.013810810810810835e+04 8.053612080555794250e-01
1.013820820820820882e+04 4.737386391969748978e-01
1.013830830830830746e+04 9.781768851480374671e-01
1.013840840840840792e+04 1.656629315307457384e-01
1.013850850850850838e+04 7.284882064149295067e-01
1.013860860860860885e+04 2.203620156348650161e-01
1.013870870870870931e+04 5.677142478423463645e-01
1.013880880880880795e+04 2.086214407230335688e-01
1.013890890890890842e+04 1.593539652392778061e-01
1.013900900900900888e+04 3.236926681940799355e-02
1.013910910910910934e+04 6.464457569201138565e-01
1.013920920920920980e+04 9.439866207497304984e-02
1.013930930930930845e+04 3.620565106359241447e-02
1.013940940940940891e+04 1.208371564495842598e-01
1.013950950950950937e+04 2.832757069064164579e-01
1.013960960960960983e+04 4.884817506604662851e-01
1.013970970970971030e+04 5.088634945709338275e-01
1.013980980980980894e+04 8.812695724715213785e-01
1.013990990990990940e+04 3.821869314923542760e-01
1.014001001001000986e+04 3.599411859975030215e-01
1.014011011011011033e+04 6.601540313076670330e-01
1.014021021021021079e+04 5.521485347661917453e-01
1.014031031031030943e+04 3.859737122555347844e-01
1.014041041041040990e+04 2.000876089001234481e-01
1.014051051051051036e+04 9.490133344511381130e-01
1.014061061061061082e+04 8.495677423675193074e-01
1.014071071071071128e+04 4.759625641053477629e-02
1.014081081081080993e+04 7.376629798407343674e-01
1.014091091091091039e+04 1.425759112959409380e-01
1.014101101101101085e+04 7.955671553085751357e-01
1.014111111111111131e+04 8.511197031531575474e-01
1.014121121121121178e+04 4.417666021657967734e-01
1.014131131131131042e+04 8.207609508523375785e-01
1.014141141141141088e+04 3.701165077302046580e-01
1.014151151151151134e+04 9.946271674193976065e-01
1.014161161161161181e+04 9.677036780933847560e-01
1.014171171171171227e+04 3.364672042844915056e-01
1.014181181181181091e+04 2.173372520044967171e-01
1.014191191191191137e+04 8.597468751163479528e-01
1.014201201201201184e+04 5.589688299450521480e-01
1.014211211211211230e+04 5.396674371916297952e-01
1.014221221221221276e+04 5.759750552392577383e-01
1.014231231231231141e+04 4.517176049396053328e-01
1.014241241241241187e+04 5.409919809418815007e-01
1.014251251251251233e+04 2.883535664902510121e-01
1.014261261261261279e+04 7.546101374652438576e-01
1.014271271271271326e+04 8.324315827636010745e-01
1.014281281281281372e+04 9.184690544366491682e-02
1.014291291291291236e+04 9.753272420214594840e-01
1.014301301301301282e+04 9.045949016148370214e-01
1.014311311311311329e+04 3.153507997233784277e-01
1.014321321321321375e+04 9.602587808500008260e-01
1.014331331331331421e+04 2.356846107663119749e-01
1.014341341341341285e+04 4.352060793986404219e-01
1.014351351351351332e+04 9.805739106238631209e-02
1.014361361361361378e+04 6.948978130490898186e-01
1.014371371371371424e+04 8.691850313139569684e-01
1.014381381381381470e+04 8.766254886798861001e-01
1.014391391391391335e+04 8.164814108258486858e-01
1.014401401401401381e+04 2.749426442628134515e-01
1.014411411411411427e+04 9.254387120372645770e-01
1.014421421421421473e+04 5.131354304876383221e-01
1.014431431431431520e+04 3.206769389154566774e-01
1.014441441441441384e+04 5.821370896368799341e-01
1.014451451451451430e+04 2.573874498417267898e-01
1.014461461461461477e+04 7.074448421524870412e-02
1.014471471471471523e+04 8.838970426062624508e-01
1.014481481481481569e+04 9.617846282315853923e-01
1.014491491491491433e+04 5.092058272627788540e-01
1.014501501501501480e+04 7.569951359871999186e-01
1.014511511511511526e+04 9.266543487813223567e-01
1.014521521521521572e+04 8.131964958054932469e-01
1.014531531531531618e+04 4.203085946493241298e-01
1.014541541541541483e+04 2.989754389860768136e-01
1.014551551551551529e+04 2.241582824259569229e-01
1.014561561561561575e+04 2.941258401008656209e-01
1.014571571571571621e+04 1.562731449859522392e-02
1.014581581581581668e+04 3.423862405593234293e-01
1.014591591591591532e+04 5.219350889209738442e-01
1.014601601601601578e+04 9.199842698060356483e-01
1.014611611611611625e+04 4.875917744114177665e-02
1.014621621621621671e+04 3.952261154741701921e-01
1.014631631631631717e+04 4.185852547444915972e-01
1.014641641641641581e+04 3.838987209219295593e-01
1.014651651651651628e+04 2.894333069739618569e-01
1.014661661661661674e+04 1.310849452365572265e-01
1.014671671671671720e+04 3.836275091035719065e-01
1.014681681681681766e+04 4.372820628224495243e-01
1.014691691691691631e+04 1.161483081544872897e-01
1.014701701701701677e+04 2.899035656403935457e-01
1.014711711711711723e+04 4.199967059876867914e-01
1.014721721721721769e+04 9.936684638179049678e-01
1.014731731731731816e+04 9.542534448510210376e-01
1.014741741741741680e+04 1.965258246517742613e-02
1.014751751751751726e+04 4.123125390051900485e-01
1.014761761761761773e+04 1.127429635705611277e-01
1.014771771771771819e+04 4.427214404853918595e-01
1.014781781781781865e+04 5.208714851821799607e-01
1.014791791791791729e+04 6.946376037873449594e-01
1.014801801801801776e+04 1.834658291577460076e-01
1.014811811811811822e+04 7.626677186807506725e-02
1.014821821821821868e+04 3.062514286536001107e-01
1.014831831831831914e+04 6.191913626083996869e-01
1.014841841841841779e+04 9.994934537967823385e-01
1.014851851851851825e+04 6.403747590893829056e-01
1.014861861861861871e+04 4.171453975818122384e-01
1.014871871871871917e+04 9.457588854477028129e-01
1.014881881881881964e+04 3.728425321631945177e-02
1.014891891891891828e+04 3.259944309463873591e-01
1.014901901901901874e+04 8.193229483786564904e-01
1.014911911911911920e+04 7.158413028574250880e-02
1.014921921921921967e+04 5.515892141233923462e-01
1.014931931931932013e+04 4.082506015356901496e-01
1.014941941941941877e+04 6.867225653866022572e-01
1.014951951951951924e+04 5.419723769965084648e-01
1.014961961961961970e+04 7.683835426801988167e-02
1.014971971971972016e+04 3.715758092286373104e-01
1.014981981981982062e+04 2.312938320308366436e-02
1.014991991991991927e+04 1.482713022038280037e-01
1.015002002002001973e+04 1.729564428680825383e-01
1.015012012012012019e+04 3.359946278590844049e-01
1.015022022022022065e+04 1.734198505288171432e-01
1.015032032032032112e+04 4.920780095653476405e-01
1.015042042042041976e+04 1.814319009087191903e-01
1.015052052052052022e+04 5.129658736417730402e-02
1.015062062062062068e+04 7.374913302256634884e-01
1.015072072072072115e+04 3.728943782909492910e-01
1.015082082082082161e+04 2.775335388951343241e-01
1.015092092092092025e+04 9.364126118260551745e-01
1.015102102102102072e+04 4.680591658501712660e-01
1.015112112112112118e+04 4.047364771210596457e-01
1.015122122122122164e+04 4.627615669971998358e-01
1.015132132132132210e+04 9.607968118694633075e-01
1.015142142142142075e+04 6.713139709585830284e-01
1.015152152152152121e+04 3.539908994883156357e-01
1.015162162162162167e+04 3.375293609654578253e-01
1.015172172172172213e+04 4.817701570315724435e-01
1.015182182182182260e+04 3.540403954094463179e-01
1.015192192192192124e+04 3.697161579237897566e-01
1.015202202202202170e+04 3.069395398400964758e-01
1.015212212212212216e+04 5.164963661997871158e-01
1.015222222222222263e+04 6.668762712845370810e-01
1.015232232232232309e+04 9.336319771185401795e-01
1.015242242242242173e+04 2.470643806543514343e-01
1.015252252252252219e+04 2.810309141410238798e-01
1.015262262262262266e+04 2.679625050406759801e-01
1.015272272272272312e+04 3.198675949888160064e-01
1.015282282282282358e+04 4.036486851807554732e-01
1.015292292292292223e+04 7.215662805864458962e-01
1.015302302302302269e+04 3.498345856782175689e-01
1.015312312312312315e+04 3.275701220271122205e-01
1.015322322322322361e+04 6.286721784367433896e-01
1.015332332332332408e+04 1.915225862009737323e-01
1.015342342342342272e+04 5.838839671339361992e-01
1.015352352352352318e+04 7.109376726721396977e-01
1.015362362362362364e+04 2.633104782000948996e-01
1.015372372372372411e+04 3.026989177672206877e-01
1.015382382382382457e+04 6.037665918849238755e-01
1.015392392392392321e+04 1.680018957209169495e-01
1.015402402402402367e+04 8.665719976907704236e-01
1.015412412412412414e+04 5.965336863245550569e-01
1.015422422422422460e+04 1.798801012016504330e-01
1.015432432432432506e+04 1.948852909546748835e-01
1.015442442442442371e+04 8.212855046062570441e-01
1.015452452452452417e+04 6.805466455025337424e-01
1.015462462462462463e+04 3.576431722800217372e-01
1.015472472472472509e+04 6.552980694475175616e-01
1.015482482482482555e+04 8.817183662516566711e-01
1.015492492492492420e+04 6.646364946909734117e-01
1.015502502502502466e+04 7.310871161722007905e-01
1.015512512512512512e+04 8.042594963914859729e-01
1.015522522522522559e+04 3.322671004145703044e-01
1.015532532532532605e+04 9.575190240266839847e-01
1.015542542542542469e+04 6.595521986832131311e-01
1.015552552552552515e+04 3.579852995584075215e-01
1.015562562562562562e+04 7.196908651032259963e-01
1.015572572572572608e+04 8.481231678455642964e-01
1.015582582582582654e+04 5.371985279818459746e-01
1.015592592592592518e+04 2.608781884680274610e-01
1.015602602602602565e+04 5.960225500664336762e-01
1.015612612612612611e+04 6.268006521918401130e-01
1.015622622622622657e+04 4.902881128556871859e-01
1.015632632632632703e+04 7.085712850692060805e-01
1.015642642642642568e+04 4.163754202245790736e-01
1.015652652652652614e+04 1.031250446441055457e-01
1.015662662662662660e+04 4.898553330695155639e-01
1.015672672672672707e+04 4.625306125632921983e-02
1.015682682682682753e+04 6.366885688164647394e-01
1.015692692692692617e+04 5.205488815030405725e-01
1.015702702702702663e+04 3.275395527747053670e-01
1.015712712712712710e+04 7.642112960508343766e-01
1.015722722722722756e+04 2.849892166817840078e-01
1.015732732732732802e+04 2.611101283655639094e-01
1.015742742742742666e+04 4.479066921224698072e-01
1.015752752752752713e+04 3.617016655990925589e-01
1.015762762762762759e+04 2.179184172155357313e-01
1.015772772772772805e+04 1.670279319948635433e-01
1.015782782782782851e+04 6.621681101194955010e-01
1.015792792792792716e+04 2.712297917616277587e-01
1.015802802802802762e+04 8.285282818873941357e-01
1.015812812812812808e+04 3.348890940497513125e-01
1.015822822822822855e+04 1.357821977047313222e-01
1.015832832832832901e+04 3.398437181174539523e-01
1.015842842842842765e+04 1.085244961680034148e-01
1.015852852852852811e+04 1.070491931273654940e-01
1.015862862862862858e+04 5.686453443836411159e-01
1.015872872872872904e+04 4.282017319957374113e-01
1.015882882882882950e+04 4.540086638669977859e-01
1.015892892892892814e+04 2.998238705006486260e-01
1.015902902902902861e+04 5.133541280271322060e-01
1.015912912912912907e+04 9.379226026490879997e-01
1.015922922922922953e+04 5.564553919305659235e-03
1.015932932932932999e+04 4.247991033277219719e-01
1.015942942942942864e+04 9.943522072058470496e-01
1.015952952952952910e+04 8.500206466943260875e-01
1.015962962962962956e+04 4.841890131617123672e-01
1.015972972972973002e+04 4.314756898519955808e-02
1.015982982982983049e+04 1.633301052486240135e-01
1.015992992992992913e+04 9.779277865127790070e-01
1.016003003003002959e+04 1.861217380478544792e-01
1.016013013013013006e+04 7.306310341281082588e-01
1.016023023023023052e+04 3.070153355016717045e-01
1.016033033033033098e+04 8.533817944592211324e-01
1.016043043043042962e+04 9.100832465406369920e-01
1.016053053053053009e+04 3.993923147422954179e-01
1.016063063063063055e+04 3.613429014359709202e-01
1.016073073073073101e+04 1.388296317148713932e-01
1.016083083083083147e+04 2.896135163624561359e-01
1.016093093093093012e+04 4.843679269568379464e-02
1.016103103103103058e+04 6.553363500024004251e-01
1.016113113113113104e+04 7.341697826511843772e-01
1.016123123123123150e+04 4.500553263141515714e-02
1.016133133133133197e+04 7.324014514040386725e-01
1.016143143143143061e+04 5.232133097522887466e-01
1.016153153153153107e+04 1.811386639499235063e-01
1.016163163163163154e+04 9.309162322378744525e-01
1.016173173173173200e+04 1.726754789421852676e-01
1.016183183183183246e+04 2.055055129226274202e-01
1.016193193193193110e+04 9.266914247756450340e-01
1.016203203203203157e+04 1.317850367302672021e-01
1.016213213213213203e+04 9.141326693850874152e-01
1.016223223223223249e+04 9.064345770701648375e-01
1.016233233233233295e+04 7.878404915623807847e-01
1.016243243243243160e+04 8.183048313797474105e-01
1.016253253253253206e+04 1.205586183403073441e-02
1.016263263263263252e+04 9.439052297923611334e-02
1.016273273273273298e+04 3.313545427257790221e-01
1.016283283283283345e+04 9.595579663028445117e-01
1.016293293293293209e+04 7.861545647563623618e-01
1.016303303303303255e+04 3.313745837307832121e-01
1.016313313313313301e+04 5.119421289498544692e-01
1.016323323323323348e+04 6.519598101655013078e-01
1.016333333333333394e+04 3.520351613061268869e-01
1.016343343343343258e+04 6.005933567497979686e-01
1.016353353353353305e+04 5.197898201678222696e-01
1.016363363363363351e+04 3.603012495149732208e-01
1.016373373373373397e+04 1.676329505053039126e-01
1.016383383383383443e+04 9.786429887657599469e-02
1.016393393393393308e+04 5.467235657479609934e-01
1.016403403403403354e+04 9.010026041625315285e-01
1.016413413413413400e+04 9.981781685776753843e-01
1.016423423423423446e+04 5.104697807732841985e-01
1.016433433433433493e+04 6.670115859381147150e-01
1.016443443443443357e+04 5.204308481511445983e-01
1.016453453453453403e+04 8.595289688076128698e-01
1.016463463463463449e+04 9.309316797870804683e-01
1.016473473473473496e+04 5.535235484959261099e-01
1.016483483483483542e+04 4.300203150148856901e-01
1.016493493493493406e+04 1.632687474975805797e-01
1.016503503503503453e+04 9.874286919010200059e-01
1.016513513513513499e+04 6.799755354105379013e-01
1.016523523523523545e+04 7.383792417961256849e-01
1.016533533533533591e+04 1.836215114907140400e-01
1.016543543543543456e+04 3.558638029161486083e-01
1.016553553553553502e+04 3.493803586673088768e-01
1.016563563563563548e+04 7.555094899093547367e-01
1.016573573573573594e+04 6.241072380415160215e-01
1.016583583583583641e+04 7.288085891310158715e-01
1.016593593593593505e+04 2.316956414334078174e-01
1.016603603603603551e+04 4.272438102976124918e-01
1.016613613613613597e+04 7.736510078294465131e-01
1.016623623623623644e+04 8.591894182328698726e-01
1.016633633633633690e+04 2.892096546100887400e-01
1.016643643643643554e+04 3.088682833500018265e-01
1.016653653653653600e+04 7.337744177775291643e-01
1.016663663663663647e+04 8.418510781228107920e-01
1.016673673673673693e+04 7.538936545090463293e-01
1.016683683683683739e+04 5.721240663329464349e-01
1.016693693693693604e+04 9.241165832386564194e-01
1.016703703703703650e+04 4.651888297198677469e-01
1.016713713713713696e+04 2.587821278411495118e-01
1.016723723723723742e+04 8.657194443554285801e-01
1.016733733733733789e+04 3.495650143588981962e-01
1.016743743743743835e+04 5.022691564168836331e-01
1.016753753753753699e+04 4.099328256424209505e-01
1.016763763763763745e+04 7.408231259320831041e-01
1.016773773773773792e+04 7.758422624773056997e-01
1.016783783783783838e+04 1.799319779055280621e-01
1.016793793793793884e+04 7.616791188273009938e-01
1.016803803803803748e+04 6.832618274558832638e-01
1.016813813813813795e+04 3.115721015269153904e-01
1.016823823823823841e+04 7.759603083903656717e-01
1.016833833833833887e+04 2.901595429545589244e-02
1.016843843843843933e+04 9.939691668229851951e-01
1.016853853853853798e+04 8.976476195267363289e-01
1.016863863863863844e+04 2.674145496594143578e-01
1.016873873873873890e+04 8.755469541777459730e-01
1.016883883883883937e+04 2.203667602845642559e-01
1.016893893893893983e+04 2.129614899838540021e-01
1.016903903903903847e+04 6.888006076224293395e-01
1.016913913913913893e+04 4.525926196944736191e-01
1.016923923923923940e+04 6.683407521760506009e-01
1.016933933933933986e+04 8.511041274202131302e-01
1.016943943943944032e+04 9.408942727942884998e-01
1.016953953953953896e+04 6.285419038989719098e-01
1.016963963963963943e+04 1.217631805647720888e-01
1.016973973973973989e+04 3.776778784555400170e-01
1.016983983983984035e+04 6.375100366897967774e-02
1.016993993993994081e+04 7.430092460418723510e-01
1.017004004004003946e+04 2.609389594679694113e-01
1.017014014014013992e+04 3.739297728444490598e-02
1.017024024024024038e+04 8.943425823857920065e-02
1.017034034034034084e+04 5.098311744068885210e-01
1.017044044044044131e+04 4.143182823343106724e-01
1.017054054054053995e+04 9.613394682511546829e-01
1.017064064064064041e+04 1.473227632857597724e-01
1.017074074074074088e+04 4.681003771385523482e-01
1.017084084084084134e+04 4.295752128119338931e-01
1.017094094094094180e+04 8.053166667886242358e-01
1.017104104104104044e+04 4.763242831606373517e-02
1.017114114114114091e+04 3.466622773006885483e-01
1.017124124124124137e+04 6.311507931003004224e-01
1.017134134134134183e+04 6.158418775528773370e-02
1.017144144144144229e+04 1.666250734665611910e-01
1.017154154154154094e+04 7.250300288445264973e-01
1.017164164164164140e+04 4.656181436714794675e-01
1.017174174174174186e+04 1.378983925430894431e-01
1.017184184184184232e+04 5.259497315516221683e-01
1.017194194194194279e+04 3.688536471647148041e-01
1.017204204204204143e+04 5.339483473936474933e-01
1.017214214214214189e+04 7.878032741960917518e-01
1.017224224224224236e+04 1.007297687145554121e-01
1.017234234234234282e+04 6.583950287257028799e-01
1.017244244244244328e+04 8.873351202749510946e-01
1.017254254254254192e+04 6.632095304133646119e-01
1.017264264264264239e+04 8.000244719612698008e-01
1.017274274274274285e+04 3.693852193529112427e-01
1.017284284284284331e+04 3.024683006916483174e-01
1.017294294294294377e+04 8.956117196862211083e-01
1.017304304304304242e+04 9.397702357961924546e-01
1.017314314314314288e+04 8.636481156410280580e-01
1.017324324324324334e+04 7.721894338941406311e-01
1.017334334334334380e+04 2.822761975710074145e-01
1.017344344344344427e+04 4.363238916848366511e-02
1.017354354354354291e+04 5.783869126642481318e-01
1.017364364364364337e+04 1.822539925028413554e-01
1.017374374374374383e+04 5.049076671030950925e-01
1.017384384384384430e+04 3.429406772781207202e-01
1.017394394394394476e+04 7.301391629836690988e-01
1.017404404404404340e+04 8.741986670992977215e-01
1.017414414414414387e+04 9.968938309229827821e-01
1.017424424424424433e+04 6.026756707909489696e-01
1.017434434434434479e+04 7.394751161111463578e-01
1.017444444444444525e+04 1.202349889920716342e-01
1.017454454454454390e+04 3.377118323423144997e-02
1.017464464464464436e+04 3.497618215726541191e-01
1.017474474474474482e+04 6.643788119745202003e-01
1.017484484484484528e+04 9.096343901655477016e-01
1.017494494494494575e+04 7.836103631687566518e-01
1.017504504504504439e+04 1.520543844796645727e-01
1.017514514514514485e+04 2.265203079916304763e-01
1.017524524524524531e+04 6.152570832119924615e-01
1.017534534534534578e+04 9.283289515275242598e-01
1.017544544544544624e+04 1.419214089495758335e-01
1.017554554554554488e+04 3.126325104644023245e-01
1.017564564564564535e+04 1.931728104473802166e-01
1.017574574574574581e+04 2.087097897567247173e-02
1.017584584584584627e+04 6.692763443178244565e-01
1.017594594594594673e+04 8.049398112807747419e-01
1.017604604604604538e+04 9.281200947868772921e-01
1.017614614614614584e+04 1.131471551578866475e-01
1.017624624624624630e+04 1.814794618291959427e-01
1.017634634634634676e+04 1.764410924049553131e-02
1.017644644644644723e+04 7.185300880057343687e-01
1.017654654654654587e+04 7.712296153919503405e-01
1.017664664664664633e+04 2.188645792007999358e-01
1.017674674674674679e+04 1.894801927865102931e-01
1.017684684684684726e+04 5.568239515151285346e-01
1.017694694694694772e+04 8.201088891881358478e-01
1.017704704704704636e+04 2.134663683713655669e-01
1.017714714714714682e+04 7.286440487234795427e-01
1.017724724724724729e+04 9.532810225200565313e-01
1.017734734734734775e+04 8.049259840563756097e-01
1.017744744744744821e+04 8.772736902271760506e-03
1.017754754754754686e+04 4.781175266187991379e-01
1.017764764764764732e+04 1.104311815924937656e-01
1.017774774774774778e+04 4.081318690629645030e-01
1.017784784784784824e+04 1.806957437832434898e-01
1.017794794794794871e+04 7.186040267874556076e-01
1.017804804804804735e+04 9.973490716456651084e-01
1.017814814814814781e+04 9.793632036436350496e-03
1.017824824824824827e+04 4.825235702620745970e-01
1.017834834834834874e+04 9.260125584335510140e-02
1.017844844844844920e+04 7.642816538773096191e-01
1.017854854854854784e+04 2.094341545906659441e-01
1.017864864864864830e+04 7.962647647466712941e-01
1.017874874874874877e+04 3.864474171369730593e-01
1.017884884884884923e+04 1.141816943445361776e-01
1.017894894894894969e+04 5.320430636534633217e-01
1.017904904904904834e+04 3.810577671037167491e-01
1.017914914914914880e+04 8.702906006678925444e-01
1.017924924924924926e+04 8.005408820973096695e-01
1.017934934934934972e+04 5.521652529539948784e-01
1.017944944944945019e+04 3.381228722196575331e-01
1.017954954954954883e+04 2.114654852964713561e-01
1.017964964964964929e+04 5.484135440614210655e-01
1.017974974974974975e+04 2.978858204347435423e-01
1.017984984984985022e+04 2.680953279530184918e-01
1.017994994994995068e+04 8.510683146745884331e-01
1.018005005005004932e+04 1.699456892838330235e-01
1.018015015015014978e+04 3.109637472067222630e-01
1.018025025025025025e+04 4.554826870450063847e-01
1.018035035035035071e+04 2.900119897813706604e-01
1.018045045045045117e+04 4.174328552906416689e-01
1.018055055055054981e+04 2.245063482665154986e-01
1.018065065065065028e+04 2.364543134484484721e-01
1.018075075075075074e+04 5.137020636959573894e-01
1.018085085085085120e+04 1.823357811302858122e-01
1.018095095095095166e+04 9.555206343588604767e-01
1.018105105105105031e+04 6.994969269402682155e-01
1.018115115115115077e+04 4.131684074374640803e-01
1.018125125125125123e+04 8.824559885943701332e-01
1.018135135135135170e+04 5.285086326737372664e-01
1.018145145145145216e+04 8.024899868135189074e-01
1.018155155155155080e+04 8.083675433482254702e-01
1.018165165165165126e+04 8.672024102399489287e-02
1.018175175175175173e+04 4.201728770911830058e-01
1.018185185185185219e+04 4.761418590056177846e-01
1.018195195195195265e+04 6.863514378931399040e-01
1.018205205205205129e+04 8.156120100007184792e-01
1.018215215215215176e+04 7.458232230317451972e-01
1.018225225225225222e+04 1.807789354342429489e-01
1.018235235235235268e+04 3.605832946120969273e-01
1.018245245245245314e+04 3.199694899710581186e-02
1.018255255255255179e+04 6.555106365853797801e-01
1.018265265265265225e+04 6.626090295700460819e-01
1.018275275275275271e+04 9.880180123250716928e-01
1.018285285285285318e+04 4.993400750011691702e-01
1.018295295295295364e+04 9.663814264091621364e-01
1.018305305305305228e+04 9.091948291810009186e-01
1.018315315315315274e+04 2.964319004831760251e-01
1.018325325325325321e+04 1.600276188307201419e-01
1.018335335335335367e+04 3.500066604207763277e-03
1.018345345345345413e+04 1.155564012222065617e-01
1.018355355355355277e+04 2.262041517042293615e-01
1.018365365365365324e+04 6.100532647448075885e-01
1.018375375375375370e+04 1.633905593288076386e-02
1.018385385385385416e+04 3.813483044200545180e-01
1.018395395395395462e+04 7.257511501455193859e-02
1.018405405405405327e+04 6.801085070834318458e-01
1.018415415415415373e+04 2.254128235753253273e-01
1.018425425425425419e+04 7.114935841854117538e-01
1.018435435435435465e+04 3.973127757553178707e-01
1.018445445445445512e+04 5.690748129004145062e-01
1.018455455455455376e+04 1.403330674083336227e-02
1.018465465465465422e+04 4.083001560315860923e-01
1.018475475475475469e+04 9.793713284618289494e-01
1.018485485485485515e+04 7.488719604524753937e-01
1.018495495495495561e+04 6.083820234340615585e-01
1.018505505505505425e+04 7.785760554436915726e-01
1.018515515515515472e+04 8.662500084494217933e-02
1.018525525525525518e+04 3.174905338033895408e-02
1.018535535535535564e+04 1.364001637493962305e-01
1.018545545545545610e+04 7.365336589058801842e-02
1.018555555555555475e+04 7.305952010145804199e-01
1.018565565565565521e+04 1.469368860030804136e-01
1.018575575575575567e+04 9.031055901048029577e-01
1.018585585585585613e+04 8.663288720592869918e-01
1.018595595595595660e+04 6.134228209272726273e-01
1.018605605605605524e+04 6.649019522157754158e-01
1.018615615615615570e+04 4.084445040842132890e-02
1.018625625625625617e+04 2.142954772654941387e-01
1.018635635635635663e+04 5.644532222854325987e-02
1.018645645645645709e+04 6.657928706071133407e-01
1.018655655655655573e+04 1.823944150970812084e-01
1.018665665665665620e+04 3.413720526762710206e-01
1.018675675675675666e+04 5.756064552602572215e-01
1.018685685685685712e+04 3.949410789388774212e-01
1.018695695695695758e+04 2.891611089835803838e-01
1.018705705705705623e+04 2.506448536302945396e-01
1.018715715715715669e+04 3.169199819671286722e-01
1.018725725725725715e+04 6.932886356742226086e-01
1.018735735735735761e+04 2.737365032307571555e-01
1.018745745745745808e+04 5.707793971963240898e-01
1.018755755755755672e+04 1.557869481738950457e-01
1.018765765765765718e+04 8.728734482376681036e-01
1.018775775775775764e+04 6.026630985426650877e-02
1.018785785785785811e+04 5.929099925682490557e-02
1.018795795795795857e+04 9.399396678909403002e-01
1.018805805805805721e+04 9.099706250151998743e-01
1.018815815815815768e+04 9.701709273383933851e-01
1.018825825825825814e+04 1.653187165986076401e-01
1.018835835835835860e+04 9.387141387484543298e-01
1.018845845845845906e+04 1.801140421017469739e-01
1.018855855855855771e+04 2.052347737889597123e-01
1.018865865865865817e+04 4.743891022122159740e-02
1.018875875875875863e+04 9.750093184806806201e-01
1.018885885885885909e+04 7.257561352911062746e-01
1.018895895895895956e+04 7.848029959631592778e-01
1.018905905905905820e+04 1.567491778080641884e-01
1.018915915915915866e+04 2.844083826389314229e-01
1.018925925925925912e+04 2.459566138160795834e-02
1.018935935935935959e+04 3.238078283010623615e-01
1.018945945945946005e+04 5.089047272243567566e-01
1.018955955955955869e+04 4.533136407321858297e-02
1.018965965965965916e+04 5.104340668357564281e-01
1.018975975975975962e+04 6.354797834266933121e-01
1.018985985985986008e+04 8.663352133603130500e-01
1.018995995995996054e+04 6.153205733637835406e-01
1.019006006006005919e+04 6.417600708488641059e-01
1.019016016016015965e+04 8.481895518459624528e-01
1.019026026026026011e+04 8.490118090721588962e-01
1.019036036036036057e+04 9.196594282693542066e-01
1.019046046046046104e+04 3.388008248272186274e-01
1.019056056056055968e+04 3.732716730964806828e-01
1.019066066066066014e+04 3.172211050920723530e-01
1.019076076076076060e+04 7.496377529635864789e-01
1.019086086086086107e+04 6.317731581644080441e-01
1.019096096096096153e+04 5.905488695656035958e-01
1.019106106106106017e+04 3.769418696878081843e-01
1.019116116116116063e+04 5.062148090106187714e-01
1.019126126126126110e+04 9.887518085489294117e-01
1.019136136136136156e+04 4.860415807255039633e-01
1.019146146146146202e+04 4.199575219081261857e-01
1.019156156156156067e+04 7.093434449528279728e-01
1.019166166166166113e+04 3.894028732027519091e-01
1.019176176176176159e+04 9.785963314659958945e-01
1.019186186186186205e+04 8.384378027251484511e-01
1.019196196196196252e+04 2.529574773224825268e-01
1.019206206206206116e+04 4.102434718226509736e-01
1.019216216216216162e+04 4.750459580750103772e-01
1.019226226226226208e+04 6.804779622681361717e-01
1.019236236236236255e+04 2.833950726439853351e-01
1.019246246246246301e+04 6.828064000406476319e-01
1.019256256256256347e+04 3.601985902537960804e-01
1.019266266266266211e+04 3.616187274770312765e-01
1.019276276276276258e+04 8.848003930159159536e-01
1.019286286286286304e+04 9.693866659581721335e-01
1.019296296296296350e+04 6.084389302679921174e-01
1.019306306306306396e+04 6.683684012442907552e-01
1.019316316316316261e+04 2.233273753407757356e-01
1.019326326326326307e+04 6.644267522051992003e-01
1.019336336336336353e+04 4.364037809907448384e-01
1.019346346346346400e+04 7.899853552188010886e-01
1.019356356356356446e+04 5.767265564008604573e-01
1.019366366366366310e+04 1.381028761251821280e-01
1.019376376376376356e+04 9.394848803865295528e-01
1.019386386386386403e+04 7.936980454894650983e-01
1.019396396396396449e+04 2.806576871750415814e-01
1.019406406406406495e+04 6.716787288862569039e-02
1.019416416416416359e+04 1.433038722596895465e-01
1.019426426426426406e+04 4.930920142587441601e-01
1.019436436436436452e+04 4.323027184516577970e-01
1.019446446446446498e+04 1.867503777839392143e-01
1.019456456456456544e+04 5.021387818858369378e-02
1.019466466466466409e+04 5.383575951454671049e-01
1.019476476476476455e+04 1.152961617055510146e-01
1.019486486486486501e+04 6.801561511927848303e-01
1.019496496496496547e+04 4.836618629563644856e-01
1.019506506506506594e+04 1.222749378685505928e-02
1.019516516516516458e+04 9.133403581247034886e-02
1.019526526526526504e+04 8.578644975929671235e-01
1.019536536536536551e+04 5.727617722234100706e-01
1.019546546546546597e+04 3.102320724117990647e-02
1.019556556556556643e+04 3.252190319514438599e-01
1.019566566566566507e+04 9.194154198618850193e-01
1.019576576576576554e+04 2.586840563218161249e-01
1.019586586586586600e+04 4.248893293184931030e-01
1.019596596596596646e+04 6.720821804111335451e-01
1.019606606606606692e+04 4.060180439391891660e-02
1.019616616616616557e+04 5.238873249791696773e-01
1.019626626626626603e+04 6.002548288663779319e-01
1.019636636636636649e+04 8.464781912997163538e-01
1.019646646646646695e+04 8.016981953272582784e-01
1.019656656656656742e+04 8.104784479325185531e-01
1.019666666666666606e+04 1.152592041038270620e-01
1.019676676676676652e+04 6.032935818895750479e-01
1.019686686686686699e+04 1.180168449781204831e-01
1.019696696696696745e+04 1.589589543837706120e-01
1.019706706706706791e+04 8.108214498941570536e-01
1.019716716716716655e+04 9.522243175561335704e-01
1.019726726726726702e+04 7.201158296185394825e-03
1.019736736736736748e+04 7.645706135308661944e-01
1.019746746746746794e+04 9.850051948627533971e-01
1.019756756756756840e+04 3.730315885389738906e-01
1.019766766766766705e+04 4.805593311456143324e-01
1.019776776776776751e+04 8.245670713632162752e-01
1.019786786786786797e+04 9.919392983696487809e-01
1.019796796796796843e+04 2.726581171037916196e-01
1.019806806806806890e+04 2.276028441073378872e-01
1.019816816816816754e+04 6.906143207558617103e-01
1.019826826826826800e+04 6.113782715600455386e-01
1.019836836836836846e+04 4.653894034567858107e-01
1.019846846846846893e+04 1.006850367391969314e-01
1.019856856856856939e+04 2.899733132762618570e-01
1.019866866866866803e+04 2.942412365088930004e-01
1.019876876876876850e+04 1.814970828518049917e-01
1.019886886886886896e+04 3.926781069522220502e-01
1.019896896896896942e+04 6.270585316425837386e-01
1.019906906906906988e+04 8.089565791146187124e-01
1.019916916916916853e+04 8.268176347900673129e-01
1.019926926926926899e+04 2.147181498165906532e-01
1.019936936936936945e+04 8.970863619752302842e-01
1.019946946946946991e+04 4.967344288984820722e-01
1.019956956956957038e+04 1.547367496821102639e-01
1.019966966966966902e+04 7.763412280239768704e-01
1.019976976976976948e+04 8.517222506648556291e-01
1.019986986986986994e+04 7.969602073543140541e-01
1.019996996996997041e+04 7.863064441349838507e-01
1.020007007007007087e+04 5.502442939084508655e-01
1.020017017017016951e+04 5.152081146983921167e-01
1.020027027027026998e+04 6.827889008404074422e-01
1.020037037037037044e+04 6.891718352863088759e-01
1.020047047047047090e+04 3.176199675859325833e-01
1.020057057057057136e+04 7.790415283156917337e-01
1.020067067067067001e+04 5.584384534673175748e-01
1.020077077077077047e+04 8.367954528830002792e-01
1.020087087087087093e+04 2.157839402379707616e-01
1.020097097097097139e+04 3.669901307072385155e-01
1.020107107107107186e+04 3.701489192984106502e-01
1.020117117117117050e+04 6.478953004814143046e-01
1.020127127127127096e+04 8.698937123165308982e-01
1.020137137137137142e+04 4.802807495281297134e-01
1.020147147147147189e+04 4.370339335852415630e-01
1.020157157157157235e+04 3.838791793117395379e-01
1.020167167167167099e+04 6.780328601425014146e-01
1.020177177177177145e+04 1.576392858308774958e-01
1.020187187187187192e+04 2.897224460113235756e-01
1.020197197197197238e+04 9.981153407405169986e-01
1.020207207207207284e+04 4.443929595484883421e-01
1.020217217217217149e+04 9.550055525303379200e-01
1.020227227227227195e+04 7.649106910600982356e-01
1.020237237237237241e+04 9.810802513820279236e-01
1.020247247247247287e+04 9.945408732582361466e-01
1.020257257257257334e+04 5.984976644298315440e-01
1.020267267267267198e+04 4.366365089318143822e-01
1.020277277277277244e+04 3.312266074712277852e-02
1.020287287287287290e+04 7.824077244980067736e-01
1.020297297297297337e+04 1.650446346168511491e-01
1.020307307307307383e+04 1.659454305278172948e-01
1.020317317317317247e+04 9.829603147920171757e-01
1.020327327327327293e+04 5.387831277176933220e-01
1.020337337337337340e+04 2.024575582610947944e-01
1.020347347347347386e+04 8.258219664135950655e-01
1.020357357357357432e+04 9.862000480259012214e-01
1.020367367367367297e+04 2.856553309715325062e-01
1.020377377377377343e+04 2.126867529122384859e-01
1.020387387387387389e+04 8.960791699630628049e-01
1.020397397397397435e+04 4.431231506628194872e-01
1.020407407407407482e+04 3.011934579918731369e-01
1.020417417417417346e+04 2.831437352905148419e-01
1.020427427427427392e+04 1.175170077824250203e-01
1.020437437437437438e+04 2.852804345797734786e-01
1.020447447447447485e+04 4.980064875834828708e-01
1.020457457457457531e+04 1.309054650896501748e-02
1.020467467467467395e+04 1.115259026900936590e-01
1.020477477477477441e+04 3.803792518009478929e-01
1.020487487487487488e+04 1.527156815969457071e-01
1.020497497497497534e+04 7.891638113090743145e-01
1.020507507507507580e+04 1.051291874620351452e-01
1.020517517517517445e+04 5.836108580502117338e-01
1.020527527527527491e+04 9.199538412569919776e-01
1.020537537537537537e+04 1.814104743376470097e-01
1.020547547547547583e+04 9.343157818072640453e-01
1.020557557557557629e+04 7.082561508970270925e-01
1.020567567567567494e+04 6.866707665808285954e-01
1.020577577577577540e+04 9.222148125636039362e-01
1.020587587587587586e+04 8.201842276899546924e-01
1.020597597597597633e+04 8.570039335232821909e-01
1.020607607607607679e+04 2.289979144019937962e-01
1.020617617617617543e+04 1.568791330755503477e-01
1.020627627627627589e+04 7.060330265511362002e-01
1.020637637637637636e+04 3.381497195888910623e-01
1.020647647647647682e+04 5.379728084825929901e-02
1.020657657657657728e+04 8.355840844455868499e-01
1.020667667667667592e+04 6.129583951584904877e-01
1.020677677677677639e+04 4.454851685317768872e-01
1.020687687687687685e+04 4.028769538117763505e-01
1.020697697697697731e+04 9.223206617277402986e-01
1.020707707707707777e+04 6.180253121181608078e-01
1.020717717717717642e+04 8.846140839172141890e-01
1.020727727727727688e+04 2.562405883194821543e-01
1.020737737737737734e+04 6.606559206020655717e-01
1.020747747747747781e+04 8.255199299242765854e-01
1.020757757757757827e+04 7.944175662368266888e-01
1.020767767767767691e+04 5.160324824533569776e-01
1.020777777777777737e+04 1.458454429783218043e-02
1.020787787787787784e+04 2.014508320598584756e-01
1.020797797797797830e+04 6.547268019512002546e-01
1.020807807807807876e+04 7.495032255565633461e-01
1.020817817817817740e+04 8.624828955775285522e-01
1.020827827827827787e+04 8.162747278076613044e-01
1.020837837837837833e+04 9.368709725671553468e-01
1.020847847847847879e+04 9.565411919619649650e-01
1.020857857857857925e+04 9.704756100187880152e-01
1.020867867867867790e+04 6.305161715000959788e-01
1.020877877877877836e+04 8.353289454301873196e-01
1.020887887887887882e+04 8.996070512860824264e-01
1.020897897897897928e+04 1.760676513050052350e-02
1.020907907907907975e+04 2.300828925774949241e-01
1.020917917917917839e+04 9.824562302704902272e-01
1.020927927927927885e+04 5.451916698433069142e-01
1.020937937937937932e+04 2.601076532338930658e-02
1.020947947947947978e+04 3.103593077792571320e-01
1.020957957957958024e+04 4.193930143682504941e-01
1.020967967967967888e+04 2.682881978903614018e-01
1.020977977977977935e+04 9.734121467623539914e-01
1.020987987987987981e+04 9.652867377670721893e-01
1.020997997997998027e+04 2.748391109603639526e-01
1.021008008008008073e+04 5.070605320144252470e-01
1.021018018018017938e+04 1.793600874840241000e-01
1.021028028028027984e+04 5.607358970474239923e-01
1.021038038038038030e+04 1.303171438099568480e-01
1.021048048048048076e+04 5.735964001976513460e-01
1.021058058058058123e+04 8.401496405215402863e-01
1.021068068068067987e+04 4.569177828004297170e-01
1.021078078078078033e+04 3.605655535566295589e-01
1.021088088088088080e+04 4.243787796536128143e-01
1.021098098098098126e+04 3.983768226494776021e-01
1.021108108108108172e+04 7.165607027467902901e-01
1.021118118118118036e+04 2.666613251108392868e-01
1.021128128128128083e+04 1.925774572764813453e-01
1.021138138138138129e+04 7.852148100679678944e-02
1.021148148148148175e+04 2.499934321060698350e-01
1.021158158158158221e+04 9.166660044690877474e-02
1.021168168168168086e+04 6.645369841511084008e-01
1.021178178178178132e+04 1.872848876238983884e-01
1.021188188188188178e+04 5.121419523099671745e-01
1.021198198198198224e+04 7.197622990595364811e-02
1.021208208208208271e+04 5.704347992695092406e-01
1.021218218218218135e+04 1.584665472503293815e-01
1.021228228228228181e+04 4.456115242433511536e-02
1.021238238238238227e+04 5.978682981216874026e-01
1.021248248248248274e+04 9.779535885352742541e-01
1.021258258258258320e+04 5.809573210950869093e-02
1.021268268268268184e+04 5.752120082691666303e-01
1.021278278278278231e+04 2.758065610429879522e-01
1.021288288288288277e+04 9.889605210531421386e-01
1.021298298298298323e+04 8.082708905059903248e-01
1.021308308308308369e+04 8.406794931362515655e-01
1.021318318318318234e+04 6.483315566735370350e-01
1.021328328328328280e+04 1.762209147131760245e-01
1.021338338338338326e+04 3.882194523153740251e-01
1.021348348348348372e+04 2.110253096611446333e-01
1.021358358358358419e+04 7.590353420767614878e-02
1.021368368368368283e+04 9.244011228582688089e-01
1.021378378378378329e+04 1.780599446872542790e-01
1.021388388388388375e+04 6.686225577832061173e-01
1.021398398398398422e+04 6.939933893551242239e-02
1.021408408408408468e+04 3.606832997317290790e-01
1.021418418418418332e+04 7.669521959628198271e-01
1.021428428428428379e+04 6.400016945403942392e-01
1.021438438438438425e+04 6.345120011261612403e-01
1.021448448448448471e+04 6.332070893294543534e-01
1.021458458458458517e+04 4.658034480618727935e-01
1.021468468468468382e+04 2.394556846671207495e-01
1.021478478478478428e+04 6.786571369283470601e-01
1.021488488488488474e+04 3.775617352917030045e-01
1.021498498498498520e+04 1.875858338845248774e-01
1.021508508508508567e+04 7.745958836625466137e-02
1.021518518518518431e+04 6.069069849165131814e-01
1.021528528528528477e+04 2.680631011969942801e-01
1.021538538538538523e+04 4.340501259358405806e-01
1.021548548548548570e+04 9.994263355390131665e-02
1.021558558558558616e+04 3.513967563762132595e-02
1.021568568568568480e+04 2.318751001351383456e-01
1.021578578578578527e+04 7.331877918419289486e-01
1.021588588588588573e+04 4.950892968619319268e-01
1.021598598598598619e+04 5.369306381333524003e-01
1.021608608608608665e+04 2.593891821194207470e-01
1.021618618618618530e+04 6.475278296306478110e-01
1.021628628628628576e+04 1.938154564748438835e-01
1.021638638638638622e+04 9.481162354846827123e-01
1.021648648648648668e+04 3.399334896434332842e-01
1.021658658658658715e+04 1.382410448984879858e-01
1.021668668668668761e+04 1.239506985296432440e-01
1.021678678678678625e+04 5.228712903839024539e-01
1.021688688688688671e+04 6.666281383208355615e-01
1.021698698698698718e+04 9.502805857242847543e-01
1.021708708708708764e+04 9.604419605739900057e-02
1.021718718718718810e+04 8.322103029624582371e-01
1.021728728728728674e+04 6.231995872375480916e-01
1.021738738738738721e+04 6.060902424284737577e-01
1.021748748748748767e+04 3.618832505214546469e-01
1.021758758758758813e+04 7.735819196637000461e-01
1.021768768768768859e+04 8.323097407017269189e-01
1.021778778778778724e+04 6.923522600916354186e-01
1.021788788788788770e+04 6.174641492732348969e-01
1.021798798798798816e+04 5.337941305687697868e-01
1.021808808808808863e+04 5.801504707480246159e-01
1.021818818818818909e+04 2.413721553401454445e-01
1.021828828828828773e+04 2.997459002587743448e-03
1.021838838838838819e+04 8.920965912482340388e-01
1.021848848848848866e+04 3.640904444005856888e-01
1.021858858858858912e+04 3.751410745105593358e-01
1.021868868868868958e+04 2.057971436977069635e-01
1.021878878878878822e+04 1.047801645094579293e-01
1.021888888888888869e+04 8.352154212133542366e-01
1.021898898898898915e+04 1.620937824012270712e-01
1.021908908908908961e+04 8.209930403165111024e-02
1.021918918918919007e+04 1.927670893781187056e-01
1.021928928928928872e+04 2.179300271137708522e-01
1.021938938938938918e+04 3.236163222804875339e-01
1.021948948948948964e+04 6.673071942252549738e-01
1.021958958958959010e+04 7.912813411966239663e-01
1.021968968968969057e+04 7.676885409255802539e-01
1.021978978978978921e+04 6.326550499756082857e-01
1.021988988988988967e+04 1.648910545936111971e-01
1.021998998998999014e+04 7.201268415750839980e-01
1.022009009009009060e+04 1.033564353734585106e-01
1.022019019019019106e+04 1.499538076896064220e-01
1.022029029029028970e+04 7.473647684233257760e-01
1.022039039039039017e+04 5.232103397468280681e-01
1.022049049049049063e+04 5.528569972711336877e-01
1.022059059059059109e+04 6.179743136461186559e-01
1.022069069069069155e+04 6.767408378494860210e-01
1.022079079079079020e+04 6.050416983131857718e-01
1.022089089089089066e+04 2.983259950919319170e-01
1.022099099099099112e+04 2.238131188665084537e-01
1.022109109109109158e+04 7.843675065485032905e-01
1.022119119119119205e+04 8.408724640511520132e-01
1.022129129129129069e+04 3.429708324830617050e-01
1.022139139139139115e+04 8.981019036333661720e-01
1.022149149149149162e+04 6.032612895495511607e-01
1.022159159159159208e+04 6.474731996774950593e-01
1.022169169169169254e+04 5.286720829476232453e-02
1.022179179179179118e+04 9.170667458377388392e-01
1.022189189189189165e+04 7.465458338472779065e-01
1.022199199199199211e+04 3.273646174023199240e-01
1.022209209209209257e+04 8.567821173528420431e-01
1.022219219219219303e+04 4.038435792781214229e-02
1.022229229229229168e+04 7.755123028169702559e-01
1.022239239239239214e+04 5.103794453305504630e-01
1.022249249249249260e+04 1.579175019347078823e-02
1.022259259259259306e+04 3.216477721180315275e-01
1.022269269269269353e+04 9.569005605651963453e-01
1.022279279279279217e+04 6.142665542930020317e-01
1.022289289289289263e+04 2.732504597007601177e-01
1.022299299299299309e+04 3.196276915553530884e-01
1.022309309309309356e+04 9.121284114976668800e-02
1.022319319319319402e+04 5.966751936628156283e-01
1.022329329329329266e+04 4.541812821226607344e-01
1.022339339339339313e+04 7.988792056096437610e-01
1.022349349349349359e+04 6.698769704583003026e-01
1.022359359359359405e+04 9.437438314909155634e-01
1.022369369369369451e+04 8.318411035893596983e-01
1.022379379379379316e+04 2.580951528481929547e-01
1.022389389389389362e+04 1.538674972456232082e-01
1.022399399399399408e+04 6.714773437414905954e-01
1.022409409409409454e+04 7.568326504894828943e-01
1.022419419419419501e+04 8.588193550058240699e-01
1.022429429429429365e+04 9.956282008534709238e-01
1.022439439439439411e+04 6.491874945680337072e-01
1.022449449449449457e+04 3.584310791279177177e-01
1.022459459459459504e+04 9.852622193294436892e-01
1.022469469469469550e+04 2.979949409668150029e-01
1.022479479479479414e+04 8.985984502073470770e-01
1.022489489489489461e+04 6.355662213423224349e-01
1.022499499499499507e+04 4.593336880302323344e-01
1.022509509509509553e+04 5.090402176210241381e-01
1.022519519519519599e+04 6.487391344926101144e-01
1.022529529529529464e+04 6.560934793871109338e-02
1.022539539539539510e+04 3.392455550096006300e-01
1.022549549549549556e+04 9.135342083871834662e-01
1.022559559559559602e+04 4.861540448976754414e-01
1.022569569569569649e+04 7.727786888756111860e-01
1.022579579579579513e+04 9.581721494360633251e-01
1.022589589589589559e+04 9.722502420062989481e-01
1.022599599599599605e+04 8.939950152705373743e-01
1.022609609609609652e+04 6.171462705471242316e-01
1.022619619619619698e+04 1.445353685137582556e-01
1.022629629629629562e+04 8.650071660183706879e-01
1.022639639639639609e+04 7.054508968092154664e-02
1.022649649649649655e+04 7.206941994856579381e-01
1.022659659659659701e+04 8.689866718808920698e-01
1.022669669669669747e+04 4.997828860030513187e-01
1.022679679679679612e+04 7.623533840075140677e-01
1.022689689689689658e+04 5.000637773003610009e-01
1.022699699699699704e+04 1.035450975258136452e-01
1.022709709709709750e+04 2.360740156192445705e-01
1.022719719719719797e+04 4.682340230952038995e-01
1.022729729729729661e+04 2.092065770835558336e-01
1.022739739739739707e+04 8.108142166127673134e-01
1.022749749749749753e+04 7.556882480116011713e-01
1.022759759759759800e+04 1.382689715796939778e-01
1.022769769769769846e+04 8.073960800017632167e-01
1.022779779779779710e+04 7.906984375235592832e-01
1.022789789789789756e+04 5.074063701926273540e-01
1.022799799799799803e+04 8.154002070445470762e-01
1.022809809809809849e+04 9.173967018219640890e-01
1.022819819819819895e+04 5.659488827818233148e-01
1.022829829829829760e+04 2.283387572573154500e-01
1.022839839839839806e+04 2.206406466726812399e-01
1.022849849849849852e+04 5.804967905807079109e-02
1.022859859859859898e+04 5.013599639537247299e-01
1.022869869869869945e+04 1.385347262008690405e-01
1.022879879879879809e+04 9.803402324787420241e-01
1.022889889889889855e+04 3.597963775458060676e-01
1.022899899899899901e+04 3.711015800199879422e-02
1.022909909909909948e+04 9.360406533285414721e-01
1.022919919919919994e+04 2.040991760591075455e-01
1.022929929929929858e+04 7.466577121806265982e-01
1.022939939939939904e+04 7.459486087174126423e-01
1.022949949949949951e+04 4.828778580261929854e-01
1.022959959959959997e+04 3.499425789215594440e-01
1.022969969969970043e+04 2.992495077069771137e-01
1.022979979979979908e+04 8.486294574195965001e-01
1.022989989989989954e+04 6.481608493221138190e-01
1.023000000000000000e+04 9.666199209499382050e-02
